0.005949747468 0.005949747468 0 -3.008946418e-06 0.001517176653 0.5099969911 -3.770926424e-07 0.0003777665795 0.254999627 -0.9999999998 -6.857552168e-08 -1.752313872e-05 3.516142712e-08 0.9999824771 -0.005919929573 1.752323763e-05 -0.005919929573 -0.9999824769 3.568135011e-08 0 0
0.01089949494 0.01089949494 0 -1.009779418e-05 0.002779316178 0.5099899022 -1.271304064e-06 0.0006930504056 0.2549987426 -0.9999999983 -4.243773333e-07 -5.880518299e-05 2.133646803e-07 0.9999411959 -0.01084457229 5.880632719e-05 -0.01084457229 -0.9999411942 7.646687046e-08 0 0
0.0158492424 0.0158492424 0 -2.135133486e-05 0.004041387611 0.5099786487 -2.697593134e-06 0.001008956975 0.2549973319 -0.9999999923 -1.30621947e-06 -0.0001243371445 6.545766991e-07 0.9998756665 -0.01576868895 0.0001243422826 -0.01576868891 -0.9998756588 8.837918036e-08 0 0
0.02150609665 0.02150609665 0 -3.931171817e-05 0.00548363192 0.5099606883 -4.979794517e-06 0.001370258062 0.2549950747 -0.9999999738 -3.264482821e-06 -0.0002289163274 1.633998057e-06 0.9997710944 -0.02139530034 0.0002289337717 -0.02139530015 -0.9997710682 6.175328057e-08 0 0
0.02645584412 0.02645584412 0 -5.948832969e-05 0.006745453326 0.5099405117 -7.546638615e-06 0.001686432369 0.2549925358 -0.99999994 -6.077493505e-06 -0.0003463879714 3.040672172e-06 0.999653635 -0.02631748564 0.000346427939 -0.02631748512 -0.999653575 1.433150495e-08 0 0
0.03211269837 0.03211269837 0 -8.764512005e-05 0.008187330776 0.5099123549 -1.113073786e-05 0.002047739999 0.2549889907 -0.9999998697 -1.0868832e-05 -0.0005103001201 5.436345163e-06 0.9994897476 -0.03194126351 0.0005103869025 -0.03194126213 -0.9994896174 8.421152549e-08 0 0
0.03706244584 0.03706244584 0 -0.0001167420787 0.009448760217 0.5098832579 -1.483565246e-05 0.002363838548 0.2549853261 -0.9999997689 -1.670815068e-05 -0.0006796591201 8.355727577e-06 0.9993204237 -0.03686042183 0.0006798131093 -0.03686041899 -0.9993201926 1.84378999e-07 0 0
0.04271930009 0.04271930009 0 -0.0001550914751 0.01089010862 0.5098449085 -1.971961973e-05 0.002725040265 0.2549804953 -0.9999995921 -2.558309877e-05 -0.000902831226 1.279237413e-05 0.9990973124 -0.04248011482 0.0009031030244 -0.04248010905 -0.9990969046 3.22336949e-07 0 0
0.04766904756 0.04766904756 0 -0.0001931048529 0.01215100422 0.5098068951 -2.456147709e-05 0.003041046902 0.2549757061 -0.9999993677 -3.554184254e-05 -0.001124002152 1.777036287e-05 0.9988762182 -0.04739515203 0.00112442353 -0.04739514204 -0.9988755859 4.623622285e-07 0 0
0.05332590181 0.05332590181 0 -0.0002416416786 0.01359166147 0.5097583583 -3.074446481e-05 0.003402148924 0.2549695904 -0.9999990099 -4.974820575e-05 -0.001406334826 2.487088574e-05 0.9985940072 -0.05300951085 0.001406994658 -0.05300949334 -0.9985930172 6.437567555e-07 0 0
0.05827564928 0.05827564928 0 -0.0002885663443 0.01485188142 0.5097114337 -3.672273769e-05 0.003718072563 0.2549636771 -0.999998588 -6.491673879e-05 -0.001679219191 3.245154368e-05 0.9983212657 -0.05791933491 0.001680160162 -0.05791930762 -0.998319854 8.208678945e-07 0 0
0.06393250353 0.06393250353 0 -0.0003472840475 0.01629168552 0.509652716 -4.420427145e-05 0.004079082875 0.254956277 -0.9999979549 -8.569875973e-05 -0.002020586722 4.283647058e-05 0.9979801121 -0.0635271129 0.002021949558 -0.06352706954 -0.9979780675 1.044127906e-06 0 0
0.06888225099 0.06888225099 0 -0.0004031136672 0.01755108812 0.5095968863 -5.13186029e-05 0.004394927575 0.25494924 -0.9999972446 -0.0001071639646 -0.002345063034 5.356153982e-05 0.9976558752 -0.06843063438 0.002346899212 -0.06843057143 -0.9976531206 1.257679313e-06 0 0
0.07383199846 0.07383199846 0 -0.0004630964262 0.01881006083 0.5095369036 -5.896298501e-05 0.004710735354 0.2549416788 -0.9999963636 -0.0001319384147 -0.002693567557 6.593862602e-05 0.9973076673 -0.07333084268 0.002695990732 -0.07333075364 -0.997304032 1.488236874e-06 0 0
0.07948885271 0.07948885271 0 -0.0005367313602 0.02024832087 0.5094632686 -6.834837356e-05 0.005071612562 0.2549323954 -0.9999951154 -0.0001646060424 -0.003121237304 8.22568869e-05 0.9968804171 -0.07892672081 0.003124492161 -0.07892659203 -0.9968755342 1.772633731e-06 0 0
0.08443860018 0.08443860018 0 -0.0006056076099 0.02150626864 0.5093943924 -7.712834083e-05 0.005387338916 0.254923711 -0.9999937814 -0.0001972634428 -0.003521114135 9.856772988e-05 0.9964809881 -0.08381903456 0.003525257724 -0.08381886039 -0.996474772 2.039872905e-06 0 0
0.09009545443 0.09009545443 0 -0.000689401389 0.02294327651 0.5093105986 -8.781134905e-05 0.005748120468 0.2549131441 -0.9999919417 -0.0002395553395 -0.004007396614 0.000119687352 0.9959953228 -0.08940527222 0.004012765795 -0.08940503139 -0.995987268 2.366462649e-06 0 0
0.0950452019 0.0950452019 0 -0.0007671618337 0.02420005798 0.5092328382 -9.772655897e-05 0.006063760394 0.2549033368 -0.9999900215 -0.0002811708844 -0.004458467858 0.0001404659034 0.9955448951 -0.09428861073 0.004465116128 -0.09428829613 -0.9955349215 2.67090632e-06 0 0
0.1007020561 0.1007020561 0 -0.0008611031491 0.02563565223 0.5091388969 -0.0001097067787 0.006424439632 0.2548914868 -0.9999874283 -0.000334312522 -0.005003146776 0.0001669949038 0.9950010847 -0.09986397536 0.005011522246 -0.0998635554 -0.99498852 3.040389756e-06 0 0
0.1056518036 0.1056518036 0 -0.0009477372947 0.02689112621 0.5090522627 -0.0001207568576 0.006739986665 0.2548805569 -0.9999847717 -0.0003859554179 -0.00550521184 0.000192771125 0.9944999088 -0.1047372625 0.005515356586 -0.1047367288 -0.9944846899 3.382726958e-06 0 0
0.1113086579 0.1113086579 0 -0.001051813469 0.0283251456 0.5089481865 -0.0001340338417 0.007100555633 0.2548674243 -0.9999812439 -0.0004511650165 -0.006108045027 0.0002253126881 0.9938982559 -0.110300527 0.006120539038 -0.1102998344 -0.9938795126 3.795966305e-06 0 0
0.1162584053 0.1162584053 0 -0.001147309625 0.02957917111 0.5088526904 -0.0001462183802 0.007416002414 0.2548553722 -0.999977684 -0.0005138977677 -0.006660880737 0.0002566120744 0.9933466105 -0.1151626915 0.006675745153 -0.1151618308 -0.9933243112 4.17700985e-06 0 0
0.1219152596 0.1219152596 0 -0.001261506615 0.03101145463 0.5087384934 -0.0001607916388 0.007776452342 0.2548409574 -0.9999730213 -0.0005923854805 -0.007321600289 0.0002957640095 0.9926874495 -0.1207126348 0.00733956913 -0.1207115436 -0.9926604928 4.63499461e-06 0 0
0.1268650071 0.1268650071 0 -0.001365851895 0.03226389089 0.5086341481 -0.0001741101887 0.008091790946 0.2548277837 -0.9999683744 -0.0006672631778 -0.007924961022 0.0003331071168 0.9920856413 -0.1255626112 0.007946023345 -0.1255612801 -0.9920540437 5.055659463e-06 0 0
0.1318147545 0.1318147545 0 -0.001474322022 0.0335155374 0.508525678 -0.0001879577796 0.008407076247 0.2548140866 -0.9999631527 -0.000748167334 -0.008551809758 0.0003734472687 0.9914605366 -0.1304065369 0.008576347803 -0.1304049254 -0.9914237246 5.495152954e-06 0 0
0.1374716088 0.1374716088 0 -0.001603334619 0.03494498428 0.5083966654 -0.0002044312613 0.008767334683 0.2547977922 -0.9999564232 -0.0008482998974 -0.009296891283 0.0004233632948 0.990717702 -0.1359347477 0.009325908201 -0.1359327601 -0.9906741705 6.020778743e-06 0 0
0.1424213562 0.1424213562 0 -0.001720632815 0.03619483552 0.5082793672 -0.0002194121347 0.009082499557 0.2547829742 -0.9999498152 -0.0009428815829 -0.009973864486 0.0004705007343 0.9900429345 -0.1407649335 0.01000727873 -0.140762562 -0.9899928058 6.501395349e-06 0 0
0.1480782105 0.1480782105 0 -0.001859725759 0.03762215054 0.5081402742 -0.0002371804898 0.009442615457 0.254765399 -0.9999413755 -0.001059237676 -0.01077606255 0.0005284753277 0.9892435527 -0.1462768409 0.01081509234 -0.1462739604 -0.989184999 7.074649638e-06 0 0
0.153027958 0.153027958 0 -0.001985836201 0.03887006636 0.5080141638 -0.0002532940992 0.00975765128 0.2547494606 -0.9999331571 -0.001168530689 -0.01150285986 0.0005829164269 0.988519497 -0.1510922373 0.01154735716 -0.1510888431 -0.9884527404 7.597511507e-06 0 0
0.1586848122 0.1586848122 0 -0.002134990729 0.04029508952 0.5078650093 -0.0002723566796 0.0101176147 0.2547306052 -0.9999227418 -0.001302286272 -0.01236181866 0.0006495246191 0.9876640119 -0.1565866459 0.01241324405 -0.1565825776 -0.9875868609 8.21971928e-06 0 0
0.1636345597 0.1636345597 0 -0.002269896407 0.04154093008 0.5077301036 -0.0002896024375 0.01043251271 0.2547135469 -0.9999126725 -0.001427314574 -0.01313811782 0.0007117691993 0.9868910702 -0.1613862107 0.01319624004 -0.1613814685 -0.9868038715 8.786021812e-06 0 0
0.1692914139 0.1692914139 0 -0.002429092402 0.04296350172 0.5075709076 -0.0003099585486 0.01079231357 0.254693412 -0.9998999976 -0.001579633971 -0.01405345662 0.0007875782742 0.9859799566 -0.1668619338 0.01412000733 -0.1668563154 -0.9858801121 9.458589122e-06 0 0
0.1742411614 0.1742411614 0 -0.002572775122 0.04420712746 0.5074272249 -0.0003283358267 0.0111070649 0.2546752344 -0.999887821 -0.001721411003 -0.01487891366 0.0008581191501 0.9851585577 -0.1716446326 0.01495356008 -0.1716381456 -0.9850465664 1.006959649e-05 0 0
0.1798980156 0.1798980156 0 -0.002741991116 0.04562708829 0.5072580089 -0.0003499847271 0.01146669304 0.2546538208 -0.9998725845 -0.001893446124 -0.01585022704 0.000943688126 0.9841923211 -0.1771004929 0.01593500198 -0.1770928852 -0.9840651329 1.079400567e-05 0 0
0.1848477631 0.1848477631 0 -0.002894431503 0.04686836001 0.5071055685 -0.0003694928563 0.01178128875 0.2546345247 -0.9998580285 -0.002052974124 -0.01672447647 0.001023010655 0.9833229206 -0.1818652998 0.01681892581 -0.1818565895 -0.9831812166 1.145104685e-05 0 0
0.1897975106 0.1897975106 0 -0.00305095184 0.04810848565 0.5069490482 -0.0003895284753 0.01209580878 0.2546147067 -0.9998422646 -0.002221125583 -0.01762136462 0.001106595182 0.9824312827 -0.1866214087 0.01772628943 -0.1866114716 -0.9822738607 1.213004261e-05 0 0
0.1954543648 0.1954543648 0 -0.003234822181 0.04952432997 0.5067651778 -0.0004130720278 0.01245516504 0.254591419 -0.9998226871 -0.00242413303 -0.01867398961 0.00120747141 0.9813851768 -0.192046028 0.01879192172 -0.192034524 -0.9812082375 1.293331724e-05 0 0
0.2004041123 0.2004041123 0 -0.003400069638 0.05076189805 0.5065999304 -0.0004342374423 0.01276951626 0.2545704835 -0.9998041164 -0.002611483744 -0.01961909567 0.001300535029 0.9804462532 -0.1967827565 0.01974936381 -0.1967697253 -0.9802508035 1.366040557e-05 0 0
0.2060609665 0.2060609665 0 -0.003593901266 0.05217474036 0.5064060987 -0.0004590717552 0.01312867444 0.254545919 -0.999781156 -0.002836990326 -0.02072659113 0.001412511482 0.9793464 -0.2021846524 0.02087210831 -0.2021696821 -0.9791280686 1.451947755e-05 0 0
0.211010714 0.211010714 0 -0.003767853569 0.05340961258 0.5062321464 -0.0004813661948 0.01344284782 0.2545238667 -0.9997594683 -0.00304451205 -0.02171949751 0.001515519262 0.9783607107 -0.2069009978 0.0218794156 -0.2068841478 -0.9781207699 1.529613198e-05 0 0
0.2166675683 0.2166675683 0 -0.003971620359 0.05481929506 0.5060283796 -0.0005074903642 0.01380179758 0.2544980263 -0.9997327617 -0.003293620723 -0.02288137431 0.001639122379 0.9772077194 -0.2122790297 0.02305902222 -0.212259806 -0.9769411734 1.621271599e-05 0 0
0.2216173157 0.2216173157 0 -0.004154254064 0.05605133351 0.5058457459 -0.0005309130177 0.01411578407 0.2544748581 -0.9997076316 -0.003522271718 -0.02392164269 0.001752530412 0.9761758102 -0.2169739989 0.02411597031 -0.216952486 -0.9758842343 1.70404629e-05 0 0
0.22727417 0.22727417 0 -0.004367928555 0.05745769879 0.5056320714 -0.0005583260931 0.01447451506 0.2544477427 -0.9996767986 -0.003796069646 -0.02513738818 0.001888276124 0.9749703188 -0.2223270382 0.02535217629 -0.2223026481 -0.9746480389 1.801633221e-05 0 0
0.2322239174 0.2322239174 0 -0.004559219051 0.05868676602 0.5054407809 -0.0005828761081 0.01478830559 0.2544234593 -0.999647886 -0.004046794034 -0.02622455979 0.002012531096 0.9738927605 -0.226999649 0.02645852975 -0.226972497 -0.9735416949 1.88967477e-05 0 0
0.2378807717 0.2378807717 0 -0.004782772454 0.06008965723 0.5052172275 -0.000611577092 0.01514680743 0.25439507 -0.9996125295 -0.004346351862 -0.02749363808 0.002160924348 0.9726354358 -0.2323265794 0.02775105972 -0.2322959714 -0.9722491761 1.993373066e-05 0 0
0.2428305192 0.2428305192 0 -0.004982693971 0.06131561619 0.505017306 -0.0006372535754 0.01546039292 0.2543696723 -0.9995794798 -0.004620078994 -0.02862723395 0.002296463124 0.9715128242 -0.2369758608 0.0289065721 -0.236941949 -0.9710936736 2.086843752e-05 0 0
0.2477802666 0.2477802666 0 -0.005186634151 0.06254007786 0.5048133658 -0.0006634554267 0.0157738796 0.254343755 -0.999544374 -0.004904854475 -0.02978232495 0.002437414315 0.9703693986 -0.2416139259 0.0300849379 -0.2415764322 -0.9699153179 2.182904813e-05 0 0
0.2534371209 0.2534371209 0 -0.005424621777 0.06393759113 0.5045753782 -0.0006940434409 0.01613202659 0.254313499 -0.9995016305 -0.005244093956 -0.03112860747 0.002605246607 0.9690373164 -0.2469005712 0.03145955204 -0.2468586212 -0.9685407156 2.295907898e-05 0 0
0.2583868684 0.2583868684 0 -0.005637153086 0.0651587444 0.5043628469 -0.0007213703764 0.0164452949 0.2542864687 -0.9994618416 -0.005553207206 -0.0323293843 0.002758103707 0.9678497555 -0.2515139036 0.03268669551 -0.2514677171 -0.9673135827 2.397643949e-05 0 0
0.2640437226 0.2640437226 0 -0.005884942951 0.06655239895 0.504115057 -0.0007532436387 0.01680318712 0.2542549414 -0.9994135254 -0.005920772321 -0.03372758044 0.002939779083 0.9664676041 -0.256771743 0.03411690089 -0.2567203045 -0.9658833896 2.517230817e-05 0 0
0.2689934701 0.2689934701 0 -0.00610603677 0.06777010799 0.5038939632 -0.0007816946641 0.01711622797 0.2542267992 -0.9993686641 -0.006255113607 -0.03497351554 0.003104952976 0.9652365631 -0.2613594009 0.03539254868 -0.2613029864 -0.9646077528 2.624814436e-05 0 0
0.2746503243 0.2746503243 0 -0.006363595511 0.06915974886 0.5036364045 -0.0008148520149 0.01747385505 0.2541940017 -0.9993143224 -0.006652012235 -0.03642301135 0.003300934661 0.963805105 -0.2665873653 0.0368780267 -0.2665248023 -0.9631222876 2.751184478e-05 0 0
0.2796000718 0.2796000718 0 -0.006593222073 0.07037387833 0.5034067779 -0.0008444260952 0.01778665935 0.2541647485 -0.9992639857 -0.00701245493 -0.03771355797 0.003478825011 0.962531263 -0.2711484197 0.03820189466 -0.2710800495 -0.9617984311 2.864791959e-05 0 0
0.285256926 0.285256926 0 -0.006860515018 0.07175935117 0.503139485 -0.0008788663282 0.01814401089 0.254130682 -0.9992031503 -0.007439675307 -0.03921371779 0.003689563182 0.9610512872 -0.276345455 0.03974231442 -0.2762699307 -0.9602580246 2.998148662e-05 0 0
0.2902066735 0.2902066735 0 -0.007098643416 0.07296976628 0.5029013566 -0.0009095623875 0.01845656955 0.254100319 -0.9991469218 -0.007827075308 -0.04054831033 0.003880558041 0.959735346 -0.28087899 0.04111410765 -0.2807967283 -0.9588862433 3.117959757e-05 0 0
0.2958635278 0.2958635278 0 -0.007375634591 0.07435091734 0.5026243654 -0.0009452842497 0.01881363518 0.2540649846 -0.9990791096 -0.008285585361 -0.04209847712 0.004106489388 0.9582076676 -0.2860440569 0.04270912602 -0.2859535187 -0.9572912387 3.258510428e-05 0 0
0.3008132752 0.3008132752 0 -0.00762223278 0.07555748385 0.5023777672 -0.0009771011714 0.01912593913 0.2540335128 -0.9990165602 -0.008700780508 -0.04347653143 0.004310964821 0.9568503515 -0.2905491703 0.04412853894 -0.2904508585 -0.9558718381 3.384708113e-05 0 0
0.3057630227 0.3057630227 0 -0.007872772252 0.07676220857 0.5021272277 -0.001009440768 0.0194381211 0.254001524 -0.9989509106 -0.00912922823 -0.04487466287 0.004521856421 0.9554739814 -0.2950407153 0.04557006683 -0.294934108 -0.9544303227 3.513949676e-05 0 0
0.3114198769 0.3114198769 0 -0.008163919719 0.0781367443 0.5018360803 -0.00104703999 0.01979474861 0.2539643325 -0.9988719612 -0.009635336716 -0.04649694092 0.004770831833 0.9538778669 -0.3001570492 0.04724451705 -0.3000402895 -0.952755887 3.665433859e-05 0 0
0.3163696244 0.3163696244 0 -0.008422879937 0.07933742459 0.5015771201 -0.001080498738 0.02010666256 0.2539312366 -0.9987993383 -0.01009277458 -0.04793764459 0.004995733109 0.9524612243 -0.3046188748 0.04873319729 -0.3044926142 -0.9512672197 3.801335737e-05 0 0
0.3220264787 0.3220264787 0 -0.008723631369 0.08070726215 0.5012763686 -0.001119376299 0.02046297857 0.2538927806 -0.9987121583 -0.01063246935 -0.04960821998 0.005260918503 0.9508195258 -0.309700746 0.05046134789 -0.3095628853 -0.9495390842 3.960539909e-05 0 0
0.3269762261 0.3269762261 0 -0.008990977507 0.08190376522 0.5010090225 -0.00115395298 0.02077461543 0.2538585788 -0.9986321023 -0.01111968826 -0.05109086751 0.00550017438 0.9493633888 -0.3141319851 0.05199684887 -0.3139832934 -0.9480035966 4.103292085e-05 0 0
0.3326330804 0.3326330804 0 -0.009301292463 0.08326875321 0.5006987075 -0.001194107467 0.02113060959 0.2538188596 -0.9985361595 -0.01169386189 -0.05280901217 0.005781956439 0.9476770075 -0.3191784115 0.05377831489 -0.3190165247 -0.9462221461 4.270434817e-05 0 0
0.3375828278 0.3375828278 0 -0.009576988575 0.08446094691 0.5004230114 -0.001229800824 0.0214419603 0.2537835531 -0.9984481988 -0.0122116328 -0.05433295786 0.006035898603 0.9461821751 -0.3235782123 0.05536029456 -0.3234040315 -0.9446401803 4.420229763e-05 0 0
0.3432396821 0.3432396821 0 -0.009896825337 0.08582093467 0.5001031747 -0.001271230776 0.02179762226 0.2537425721 -0.9983429475 -0.01282115474 -0.05609792411 0.006334648687 0.9444520358 -0.3285882291 0.05719467916 -0.3283991018 -0.9428058117 4.595532366e-05 0 0
0.3481894296 0.3481894296 0 -0.01018083437 0.08700868749 0.4998191656 -0.001308039511 0.02210867777 0.2537061623 -0.998246599 -0.01337022813 -0.05766250534 0.006603595245 0.9429193272 -0.3329557551 0.05882278515 -0.33275273 -0.94117772 4.752564855e-05 0 0
0.353139177 0.353139177 0 -0.01046870976 0.08819432307 0.4995312902 -0.001345368299 0.02241959243 0.253669238 -0.9981461677 -0.01393416027 -0.05924581838 0.006879648818 0.9413692291 -0.3373079377 0.06047229324 -0.3370902158 -0.9395282264 4.913042127e-05 0 0
0.3587960313 0.3587960313 0 -0.01080243373 0.08954670617 0.4991975663 -0.001388666193 0.02277474847 0.2536264091 -0.9980262503 -0.01459704947 -0.06107806396 0.007203924158 0.9395766322 -0.3422628459 0.06238354933 -0.3420273064 -0.9376169871 5.100718106e-05 0 0
0.3637457787 0.3637457787 0 -0.01109856569 0.09072770919 0.4989014343 -0.001427108381 0.02308535468 0.2535883834 -0.9979167027 -0.01519334666 -0.06270101085 0.007495423434 0.9379898954 -0.3465815558 0.06407864833 -0.3463294939 -0.935921903 5.268722395e-05 0 0
0.369402633 0.369402633 0 -0.01144170316 0.09207472365 0.4985582968 -0.001471677939 0.02344015305 0.2535442966 -0.9977860767 -0.0158936263 -0.06457815289 0.007837514877 0.9361559186 -0.3514977517 0.06604179395 -0.3512256949 -0.9339587746 5.465114559e-05 0 0
0.3743523805 0.3743523805 0 -0.01174605191 0.09325096427 0.4982539481 -0.001511232129 0.02375044179 0.2535051707 -0.9976669029 -0.01652298635 -0.06624003087 0.008144743077 0.9345334103 -0.3557821921 0.06778210625 -0.3554916257 -0.9322184777 5.640845598e-05 0 0
0.3800092347 0.3800092347 0 -0.01209855679 0.09459246209 0.4979014432 -0.001557071728 0.02410487218 0.2534598275 -0.99752498 -0.01726144131 -0.06816125727 0.008504965954 0.9326590554 -0.3606587749 0.0697967041 -0.3603458464 -0.9302038976 5.846183228e-05 0 0
0.3849589822 0.3849589822 0 -0.01241108147 0.09576381119 0.4975889185 -0.001597736481 0.02441483443 0.253419603 -0.9973956602 -0.01792453984 -0.06986134803 0.008828191613 0.9310016614 -0.3649081658 0.07158184204 -0.3645745703 -0.9284187754 6.029842492e-05 0 0
0.3906158364 0.3906158364 0 -0.01277290644 0.09709964522 0.4972270936 -0.001644844456 0.02476888655 0.253373005 -0.9972418403 -0.01870192938 -0.07182582915 0.0092068443 0.9290879511 -0.3697442538 0.07364744336 -0.3693857293 -0.9263531924 6.24435678e-05 0 0
0.3955655839 0.3955655839 0 -0.01309356508 0.09826597439 0.4969064349 -0.001686618293 0.02507851331 0.2533316833 -0.9971018448 -0.01939941936 -0.07356339922 0.009546320971 0.927396575 -0.3739578324 0.07547700929 -0.3735763044 -0.9245236427 6.436147349e-05 0 0
0.4012224382 0.4012224382 0 -0.01346466158 0.09959599832 0.4965353384 -0.001734992929 0.02543217688 0.2532838322 -0.9969355173 -0.0202164766 -0.07557028832 0.009943684557 0.9254445519 -0.3787525637 0.07759315395 -0.3783433301 -0.9224075168 6.660071247e-05 0 0
0.4061721856 0.4061721856 0 -0.01379341116 0.1007571799 0.4962065888 -0.00177787433 0.02574145918 0.2532414148 -0.9967843068 -0.02094898792 -0.07734458951 0.01029965052 0.9237201148 -0.3829295846 0.07946674034 -0.3824948228 -0.9205339471 6.860197675e-05 0 0
0.4111219331 0.4111219331 0 -0.01412592149 0.1019159159 0.4958740785 -0.001821272062 0.02605057765 0.2531984865 -0.9966276758 -0.02169805149 -0.07913577179 0.01066338868 0.921980569 -0.3870892952 0.08136072737 -0.3866277601 -0.9186399769 7.064284558e-05 0 0
0.4167787873 0.4167787873 0 -0.01451052582 0.1032371555 0.4954894742 -0.001871501273 0.02640365279 0.2531488007 -0.9964418771 -0.02257455839 -0.08120329309 0.01108866649 0.9199742806 -0.391821853 0.08355014644 -0.391328139 -0.9164505773 7.302433946e-05 0 0
0.4217285348 0.4217285348 0 -0.01485106204 0.104390558 0.495148938 -0.001916004269 0.02671241363 0.253104779 -0.9962732245 -0.02335952448 -0.08303008339 0.01146921522 0.9182030546 -0.395943945 0.08548753848 -0.3954206407 -0.9145132026 7.51515912e-05 0 0
0.4273853891 0.4273853891 0 -0.01524481288 0.1057056303 0.4947551871 -0.001967495718 0.02706507493 0.2530538444 -0.9960733678 -0.0242773926 -0.08513785421 0.01191382135 0.9161611073 -0.4006331068 0.08772631801 -0.4000742852 -0.9122744431 7.763299363e-05 0 0
0.4323351365 0.4323351365 0 -0.01559332933 0.1068535738 0.4944066707 -0.002013102359 0.02737346919 0.2530087309 -0.9958921331 -0.02509883234 -0.08699946987 0.01231138013 0.9143591623 -0.4047168791 0.08970668348 -0.4041254396 -0.9102940953 7.984870522e-05 0 0
0.4379919908 0.4379919908 0 -0.01599617389 0.1081623357 0.4940038261 -0.002065854174 0.02772570643 0.2529565494 -0.9956775733 -0.02605870043 -0.08914658812 0.01277553332 0.9122826633 -0.4093618546 0.09199432477 -0.4087313132 -0.9080064746 8.243239622e-05 0 0
0.4429417382 0.4429417382 0 -0.01635262387 0.1093046951 0.4936473761 -0.002112562799 0.02803372517 0.2529103456 -0.9954831883 -0.02691716045 -0.09104223327 0.01319028542 0.9104509756 -0.4134066248 0.09401722255 -0.412740218 -0.9059835949 8.473865552e-05 0 0
0.4485985925 0.4485985925 0 -0.01676450817 0.1106070042 0.4932354918 -0.002166573061 0.02838552814 0.252856919 -0.9952532715 -0.02791963906 -0.09322778206 0.01367418578 0.9083410492 -0.4180066447 0.09635321601 -0.4172972947 -0.9036476225 8.742702706e-05 0 0
0.45354834 0.45354834 0 -0.01712884391 0.1117436556 0.4928711561 -0.002214381974 0.02869316243 0.2528096267 -0.9950451604 -0.02881564109 -0.09515664809 0.01410629807 0.9064806097 -0.4220117493 0.09841819549 -0.4212630568 -0.9015826616 8.982593191e-05 0 0
0.4592051942 0.4592051942 0 -0.01754971277 0.1130393707 0.4924502872 -0.002269648718 0.02904452094 0.252754957 -0.9947992244 -0.02986131212 -0.09737969621 0.01461012681 0.9043383965 -0.4265660662 0.1008020208 -0.4257703215 -0.8991988579 9.262138684e-05 0 0
0.4641549417 0.4641549417 0 -0.01792188548 0.1141701907 0.4920781145 -0.002318556179 0.02935176187 0.2527065778 -0.9945768042 -0.03079535264 -0.09934096226 0.01505974949 0.9024502102 -0.4305308608 0.102908622 -0.4296920576 -0.8970922757 9.511504419e-05 0 0
0.4691046891 0.4691046891 0 -0.01829769845 0.1152982476 0.4917023016 -0.002367975689 0.0296588162 0.2526576921 -0.9943475052 -0.03174730719 -0.101317064 0.01551759036 0.900549423 -0.4344766289 0.1050344866 -0.4335929487 -0.8949664303 9.765364278e-05 0 0
0.4747615434 0.4747615434 0 -0.01873164239 0.1165840378 0.4912683576 -0.002425081627 0.03000950444 0.2526012027 -0.9940768604 -0.03285731886 -0.1035933981 0.01605093512 0.8983619514 -0.4389626086 0.1074875017 -0.4380253428 -0.8925134375 0.0001006105204 0 0
0.4797112909 0.4797112909 0 -0.0191152189 0.1177060842 0.4908847811 -0.002475597063 0.03031615236 0.2525512327 -0.9938323857 -0.03384799371 -0.1056006747 0.01652647614 0.8964349151 -0.4428671568 0.1096542966 -0.44188093 -0.8903466622 0.0001032469765 0 0
0.4853681451 0.4853681451 0 -0.01955800628 0.1189849361 0.4904419937 -0.002533954442 0.03066637108 0.2524935052 -0.9935440562 -0.03500250812 -0.1079121535 0.0170801139 0.8942180351 -0.4473056845 0.1121538147 -0.446261056 -0.8878471669 0.0001063169052 0 0
0.4903178926 0.4903178926 0 -0.019949295 0.1201008511 0.490050705 -0.002585563967 0.03097260375 0.2524424526 -0.9932838074 -0.03603233607 -0.1099497558 0.01757346332 0.8922657862 -0.4511684165 0.1143610573 -0.4500704805 -0.8856399444 0.0001090533448 0 0
0.4959747468 0.4959747468 0 -0.02040086657 0.1213726268 0.4895991334 -0.002645170667 0.03132234282 0.2523834891 -0.9929771061 -0.03723183281 -0.1122954027 0.01814750792 0.8900206893 -0.4555588224 0.1169065216 -0.4543973628 -0.8830945034 0.0001122387583 0 0
0.5009244943 0.5009244943 0 -0.02079981517 0.1224822901 0.4892001848 -0.002697872404 0.03162815136 0.2523313559 -0.9927004794 -0.03830122027 -0.1143624709 0.01865875664 0.888044276 -0.4593791622 0.1191537202 -0.4581597761 -0.8808473253 0.0001150773142 0 0
0.5065813485 0.5065813485 0 -0.02126011055 0.1237468529 0.4887398894 -0.002758726256 0.03197740067 0.2522711584 -0.9923747133 -0.03954614865 -0.1167412975 0.01925330198 0.8857721663 -0.4637207994 0.1217445636 -0.4624324508 -0.8782565056 0.0001183806531 0 0
0.511531096 0.511531096 0 -0.0216666657 0.1248501455 0.4883333343 -0.002812518288 0.03228277626 0.2522179465 -0.9920810999 -0.0406554754 -0.1188369618 0.0197825234 0.8837726478 -0.4674981912 0.1240312176 -0.4661470147 -0.8759698726 0.0001213234638 0 0
0.5171879503 0.5171879503 0 -0.02213562337 0.1261073596 0.4878643766 -0.002874617081 0.03263152573 0.2521565172 -0.9917355706 -0.04194625408 -0.1212479684 0.02039764327 0.8814747419 -0.4717904361 0.1266668631 -0.4703645301 -0.8733342514 0.0001247471754 0 0
0.5221376977 0.5221376977 0 -0.02254973073 0.1272041631 0.4874502693 -0.002929497452 0.03293645954 0.2521022284 -0.9914243571 -0.04309587298 -0.1233713494 0.02094489308 0.8794531877 -0.4755243444 0.1289924632 -0.4740304172 -0.8710086727 0.0001277963848 0 0
0.5270874452 0.5270874452 0 -0.0229673436 0.1282978982 0.4870326564 -0.002984885035 0.03324118419 0.2520474377 -0.9911047192 -0.044264408 -0.1255073612 0.02150057019 0.8774217188 -0.4792377832 0.1313360613 -0.4776733084 -0.8686650963 0.0001308959819 0 0
0.5327442995 0.5327442995 0 -0.0234488923 0.1295440912 0.4865511077 -0.003048805641 0.03358918233 0.2519842059 -0.9907289301 -0.04562312651 -0.1279637344 0.02214595705 0.8750882025 -0.4834565073 0.1340363517 -0.4818082276 -0.8659648308 0.0001345006789 0 0
0.5376940469 0.5376940469 0 -0.02387397591 0.1306311656 0.4861260241 -0.003105278623 0.0338934523 0.2519283413 -0.9903907853 -0.046832422 -0.1301261565 0.02271971195 0.8730362837 -0.4871257148 0.1364181332 -0.485401248 -0.8635830715 0.0001377098277 0 0
0.5433509012 0.5433509012 0 -0.02436403033 0.13186968 0.4856359697 -0.003170438518 0.03424092581 0.2518638832 -0.9899934901 -0.04823789087 -0.1326121993 0.02338576823 0.8706800188 -0.4912936095 0.1391617597 -0.4894787133 -0.8608394705 0.0001414409574 0 0
0.5483006486 0.5483006486 0 -0.02479652795 0.1329499778 0.4852034721 -0.003227994845 0.03454473233 0.2518069466 -0.9896362158 -0.04948823229 -0.1348001306 0.02397761239 0.868608742 -0.4949181018 0.1415811939 -0.4930210627 -0.8584200588 0.0001447618128 0 0
0.5539575029 0.5539575029 0 -0.02529502268 0.1341806819 0.4847049773 -0.003294391659 0.03489167117 0.2517412646 -0.9892167013 -0.05094076193 -0.1373148085 0.02466434083 0.866230981 -0.4990346258 0.1443675453 -0.4970401657 -0.8556337333 0.0001486218401 0 0
0.5589072504 0.5589072504 0 -0.02573487661 0.1352540883 0.4842651234 -0.003353029239 0.03519500548 0.2516832582 -0.988839672 -0.052232407 -0.1395273401 0.02527426757 0.864141446 -0.50261394 0.1468240933 -0.500531055 -0.8531772082 0.0001520565606 0 0
0.5645641046 0.5645641046 0 -0.02624174515 0.1364768513 0.4837582548 -0.003420660558 0.03554139967 0.2516163546 -0.988397222 -0.05373227607 -0.14206961 0.02598165011 0.8617434502 -0.5066785766 0.149652549 -0.5044909004 -0.850348779 0.0001560479543 0 0
0.5695138521 0.5695138521 0 -0.02668889672 0.1375432525 0.4833111033 -0.003480377259 0.03584425305 0.2515572804 -0.9879998099 -0.05506545464 -0.1443058257 0.02660963448 0.8596367639 -0.5102122709 0.1521456637 -0.507929552 -0.8478556877 0.0001595987016 0 0
0.5751707063 0.5751707063 0 -0.02720407151 0.1387579451 0.4827959285 -0.003549240623 0.0361900926 0.2514891577 -0.9875337056 -0.05661290981 -0.1468746365 0.02733763215 0.8572198022 -0.5142245274 0.1550155936 -0.5118292578 -0.8449857848 0.0001637239339 0 0
0.5801204538 0.5801204538 0 -0.02765846112 0.1398172283 0.4823415389 -0.003610034275 0.03649245633 0.2514290178 -0.9871152809 -0.05798782366 -0.1491336131 0.02798363085 0.8550970782 -0.5177121818 0.1575447195 -0.5152149057 -0.8424566827 0.0001673928726 0 0
0.5850702013 0.5850702013 0 -0.02811620783 0.1408731516 0.4818837922 -0.003671329748 0.03679458856 0.2513683813 -0.9866868344 -0.05938227511 -0.1514028938 0.02863801623 0.8529672527 -0.5211782131 0.1600904584 -0.5185755597 -0.8399109679 0.0001711177088 0 0
0.5907270555 0.5907270555 0 -0.02864344061 0.1420757757 0.4813565594 -0.003741995572 0.03713959667 0.251298475 -0.9861847331 -0.06099990214 -0.1540087142 0.02939613491 0.850524784 -0.525112806 0.1630200582 -0.5223854934 -0.8369813958 0.000175443716 0 0
0.595676803 0.595676803 0 -0.02910833625 0.1431244176 0.4808916638 -0.003804364741 0.03744122651 0.2512367761 -0.9857343479 -0.06243633375 -0.1562993907 0.03006843775 0.8483805641 -0.5285322199 0.1656009793 -0.5256920417 -0.8344004991 0.0001792899226 0 0
0.6013336572 0.6013336572 0 -0.029643704 0.144318657 0.480356296 -0.003876256355 0.03778565549 0.2511656568 -0.9852068126 -0.0641020175 -0.1589291283 0.03084698532 0.8459222877 -0.5324133232 0.16857046 -0.5294397176 -0.8314310467 0.0001837558787 0 0
0.6062834047 0.6062834047 0 -0.03011568668 0.1453599073 0.4798843133 -0.003939696951 0.03808677425 0.2511028976 -0.9847338562 -0.06558056123 -0.1612402629 0.03153711671 0.8437647997 -0.535785753 0.1711859885 -0.5326914237 -0.8288155431 0.0001877256259 0 0
0.6119402589 0.6119402589 0 -0.03065911815 0.1465456369 0.4793408818 -0.004012811741 0.03843061421 0.2510305679 -0.9841801638 -0.06729443622 -0.1638928431 0.03233598094 0.8412920051 -0.5396129599 0.1741946885 -0.5363760072 -0.8258068718 0.0001923340119 0 0
0.6168900064 0.6168900064 0 -0.03113812508 0.1475793866 0.4788618749 -0.004077321458 0.03873121327 0.2509667507 -0.9836840037 -0.06881519553 -0.1662234931 0.03304383341 0.8391223793 -0.5429380606 0.1768442418 -0.5395721466 -0.8231573438 0.0001964294713 0 0
0.6225468607 0.6225468607 0 -0.03168954797 0.1487564823 0.478310452 -0.004151656767 0.03907445433 0.2508932131 -0.9831034314 -0.07057736366 -0.168897836 0.03386288084 0.8366363603 -0.5467109893 0.1798914911 -0.5431928169 -0.8201101238 0.00020118277 0 0
0.6274966081 0.6274966081 0 -0.03217551544 0.1497826236 0.4778244846 -0.004217233261 0.03937452505 0.2508283402 -0.9825834352 -0.0721404134 -0.1712470541 0.03458832827 0.8344557303 -0.5499884378 0.1825744789 -0.5463326778 -0.8174271618 0.0002054061146 0 0
0.6331534624 0.6331534624 0 -0.03273485645 0.1509509627 0.4772651436 -0.004292786386 0.03971715739 0.2507535975 -0.9819752606 -0.07395094386 -0.1739420749 0.03542740412 0.831957784 -0.5537067317 0.1856595986 -0.5498886283 -0.8143420718 0.00021030681 0 0
0.6381032098 0.6381032098 0 -0.03322771986 0.1519693888 0.4767722801 -0.004359427272 0.04001669116 0.2506876713 -0.9814307969 -0.07555633021 -0.1763089101 0.03617030177 0.8297672858 -0.5569362268 0.1883754233 -0.5529715114 -0.8116262733 0.000214660214 0 0
0.6430529573 0.6430529573 0 -0.03372377902 0.1529841782 0.476276221 -0.004426564049 0.04031597143 0.2506212542 -0.9808746993 -0.07718148139 -0.1786836402 0.03692128806 0.8275725718 -0.5601432468 0.1911063652 -0.5560275689 -0.8088953578 0.0002190750567 0 0
0.6487098116 0.6487098116 0 -0.03429459854 0.1541394551 0.4757054015 -0.004503898325 0.0406576932 0.2505447488 -0.9802247375 -0.07906299984 -0.1814070176 0.03778941441 0.825059483 -0.5637808171 0.1942457828 -0.5594871684 -0.8057559707 0.0002241964298 0 0
0.653659559 0.653659559 0 -0.03479745732 0.1551463747 0.4752025427 -0.004572095929 0.04095642395 0.2504772819 -0.9796432485 -0.08073050344 -0.1837979638 0.03855760486 0.82285657 -0.5669394821 0.1970086719 -0.5624852452 -0.8029931084 0.0002287445218 0 0
0.6593164133 0.6593164133 0 -0.03537600982 0.156292598 0.4746239902 -0.004650641167 0.04129751282 0.250399578 -0.9789639092 -0.08266041457 -0.1865393266 0.0394452867 0.8203347618 -0.5705216455 0.2001842498 -0.5658781976 -0.7998175615 0.0002340194232 0 0
0.6642661608 0.6642661608 0 -0.03588560147 0.1572915439 0.4741143985 -0.00471989712 0.04159568551 0.2503310637 -0.9783564014 -0.0843702459 -0.1889455305 0.04023049054 0.8181247889 -0.5736317089 0.2029784706 -0.5688176258 -0.7970233679 0.0002387029404 0 0
0.669923015 0.669923015 0 -0.03647181017 0.1584285955 0.4735281898 -0.004799650467 0.04193613173 0.2502521642 -0.9776469688 -0.08634850506 -0.191703782 0.0411374992 0.8155955632 -0.5771581963 0.2061895014 -0.5721431753 -0.7938123686 0.0002441338567 0 0
0.6748727625 0.6748727625 0 -0.0369880671 0.159419465 0.4730119329 -0.004869962251 0.04223373783 0.2501826049 -0.9770128173 -0.08810061068 -0.194124283 0.04193950704 0.8133796694 -0.5802194336 0.2090144315 -0.5750233002 -0.7909874662 0.0002489549748 0 0
0.6805296167 0.6805296167 0 -0.03758185426 0.1605472281 0.4724181457 -0.004950920807 0.04257353165 0.2501025125 -0.976272579 -0.09012714036 -0.1968983243 0.04286559257 0.8108443276 -0.583690001 0.2122602001 -0.578280706 -0.7877417296 0.0002545443927 0 0
0.6854793642 0.6854793642 0 -0.03810470803 0.1615299195 0.471895292 -0.005022285868 0.04287056267 0.2500319108 -0.9756111618 -0.09192143808 -0.1993321603 0.0436841764 0.8086236513 -0.58670221 0.2151152102 -0.581100886 -0.7848867477 0.0002595052876 0 0
0.6911362184 0.6911362184 0 -0.03870599495 0.1626482789 0.471294005 -0.005104446693 0.04320969441 0.2499506285 -0.9748394089 -0.09399612794 -0.2021208914 0.04462906763 0.8060834936 -0.590116639 0.2183949934 -0.5842894225 -0.7816069969 0.0002652556937 0 0
0.6960859659 0.6960859659 0 -0.03923537627 0.1636226919 0.4707646237 -0.005176862436 0.04350614186 0.2498789868 -0.9741501078 -0.09583250686 -0.2045670992 0.04546398091 0.8038591715 -0.5930796395 0.2212794475 -0.5870490294 -0.7787225714 0.000270358541 0 0
0.7010357134 0.7010357134 0 -0.03976777985 0.1645932077 0.4702322202 -0.0052497676 0.04380231409 0.2498068607 -0.9734475837 -0.09768847765 -0.2070187509 0.04630642502 0.8016335365 -0.5960196206 0.2241774228 -0.5897801577 -0.7758246249 0.0002755283773 0 0
0.7066925676 0.7066925676 0 -0.0403799221 0.165697569 0.4696200779 -0.005333686339 0.04414045728 0.2497238384 -0.9726283364 -0.09983353433 -0.2098270351 0.04727836318 0.7990886625 -0.5993513709 0.2275057705 -0.5928664056 -0.7724963104 0.0002815193963 0 0
0.7116423151 0.7116423151 0 -0.04091875015 0.1666596614 0.4690812499 -0.005407638314 0.04443603356 0.2496506762 -0.9718970287 -0.1017313718 -0.2122896453 0.0481367417 0.7968610447 -0.6022419194 0.2304322452 -0.5955360639 -0.7695698649 0.000286834375 0 0
0.7172991693 0.7172991693 0 -0.04153819403 0.1677543403 0.468461806 -0.005492751877 0.04477349084 0.2495664713 -0.9710445382 -0.1039241765 -0.2151099032 0.04912672631 0.7943145509 -0.6055171005 0.2337927922 -0.5985517185 -0.7662093517 0.0002929925135 0 0
0.7222489168 0.7222489168 0 -0.04208337526 0.1687079121 0.4679166247 -0.005567747976 0.04506846276 0.2494922756 -0.9702838394 -0.1058636993 -0.2175825087 0.05000074722 0.7920860803 -0.6083580909 0.2367471145 -0.6011593122 -0.7632550591 0.0002984548087 0 0
0.7279057711 0.7279057711 0 -0.04271003886 0.169792798 0.4672899611 -0.005654053272 0.04540522454 0.2494068911 -0.9693974141 -0.1081040283 -0.2204136396 0.05100843407 0.7895392558 -0.6115765719 0.240139112 -0.6041037019 -0.7598630957 0.000304782551 0 0
0.7328555185 0.7328555185 0 -0.0432615012 0.1707377532 0.4667384988 -0.00573009077 0.04569958369 0.2493316645 -0.968606722 -0.1100850264 -0.222895278 0.05189778705 0.7873110582 -0.6143679007 0.2431206238 -0.6066486501 -0.756881614 0.0003103943359 0 0
0.7385123728 0.7385123728 0 -0.04389530169 0.1718127371 0.4661046983 -0.005817584664 0.0460356404 0.2492451034 -0.9676856769 -0.1123726236 -0.2257361829 0.05292281109 0.7847651871 -0.617529576 0.2465433164 -0.6095211191 -0.7534589561 0.0003168941649 0 0
0.7434621202 0.7434621202 0 -0.04445297228 0.1727489809 0.4655470277 -0.005894660799 0.04632937843 0.2491688487 -0.9668643948 -0.1143948589 -0.2282258931 0.05382716765 0.7825383837 -0.6202711617 0.2495513535 -0.6120028548 -0.7504509495 0.0003226576115 0 0
0.7491189745 0.7491189745 0 -0.04509382595 0.1738139553 0.4649061741 -0.005983340111 0.0466647205 0.2490811142 -0.9659080515 -0.1167294359 -0.2310754745 0.05486914311 0.7799947443 -0.6233759508 0.2530039787 -0.6148027632 -0.7469983595 0.0003293320089 0 0
0.754068722 0.754068722 0 -0.04565763117 0.1747413941 0.4643423688 -0.006061452084 0.04695782907 0.2490038342 -0.9650555891 -0.1187926418 -0.2335722975 0.05578815668 0.7777704508 -0.6260677339 0.2560378712 -0.6172207337 -0.743964498 0.000335249288 0 0
0.7590184694 0.7590184694 0 -0.04622427381 0.1756646923 0.4637757262 -0.006140046478 0.04725064104 0.2489260765 -0.9641883758 -0.1208748683 -0.2360721122 0.05671388654 0.7755477086 -0.6287362617 0.2590835985 -0.619608762 -0.7409188019 0.000341239098 0 0
0.7646753237 0.7646753237 0 -0.0468753189 0.1767147946 0.4631246811 -0.006230458566 0.04758491779 0.2488366267 -0.9631790504 -0.1232777602 -0.2389324397 0.05777998329 0.7730096404 -0.6317575242 0.2625787319 -0.6223011246 -0.7374237045 0.0003481740144 0 0
0.7696250711 0.7696250711 0 -0.0474479868 0.1776291532 0.4625520132 -0.006310084623 0.04787708811 0.2487578477 -0.9622798032 -0.1254005159 -0.241437965 0.05871982945 0.770791033 -0.6343762016 0.2656493214 -0.6246246025 -0.7343531466 0.0003543208378 0 0
0.7752819254 0.7752819254 0 -0.04810587488 0.1786689869 0.4618941251 -0.006401674107 0.04821062682 0.2486672323 -0.9612335392 -0.1278495392 -0.2443042743 0.05980183842 0.7682583193 -0.6373404858 0.2691724786 -0.6272428956 -0.7308300258 0.0003614364365 0 0
0.7802316729 0.7802316729 0 -0.04868449257 0.1795743155 0.4613155074 -0.006482328936 0.04850214722 0.2485874349 -0.9603016853 -0.1300124887 -0.246814558 0.06075541033 0.7660449457 -0.6399093071 0.2722672463 -0.6295013058 -0.7277352902 0.00036774244 0 0
0.7858885271 0.7858885271 0 -0.04934913696 0.1806037784 0.460650863 -0.006575092489 0.04883493844 0.2484956571 -0.9592178324 -0.1325072443 -0.2496857631 0.06185287511 0.7635188382 -0.6428166189 0.2758176425 -0.6320449461 -0.7241849309 0.000375041196 0 0
0.7908382746 0.7908382746 0 -0.04993362823 0.1814999881 0.4600663718 -0.006656773159 0.04912580066 0.2484148441 -0.9582528066 -0.1347100249 -0.2521998569 0.06281976466 0.7613117895 -0.6453355998 0.278935899 -0.6342377854 -0.7210667069 0.0003815085443 0 0
0.7964951288 0.7964951288 0 -0.05060494142 0.1825189792 0.4593950586 -0.006750707414 0.04945783499 0.2483219073 -0.9571307238 -0.1372500824 -0.2550748761 0.06393220887 0.7587935303 -0.6481859695 0.2825127434 -0.6367062064 -0.7174898999 0.0003889929303 0 0
0.8014448763 0.8014448763 0 -0.05119522934 0.1834059825 0.4588047707 -0.00683341096 0.04974803082 0.2482400816 -0.9561319696 -0.1394923036 -0.2575918358 0.06491199056 0.7565938889 -0.6506551473 0.2856537942 -0.6388329864 -0.7143488821 0.000395623786 0 0
0.8071017306 0.8071017306 0 -0.05187312301 0.1844144024 0.458126877 -0.006928512504 0.05007929886 0.2481459891 -0.9549710257 -0.1420772015 -0.2604695929 0.06603891805 0.7540847099 -0.6534486297 0.28925629 -0.6412256382 -0.7107464242 0.0004032962724 0 0
